1500
2000
p 0 1850
# climbing
w 0 1950 1500 50
w 0 0 25 1800
w 25 1750 25 50
w 25 1550 25 50
w 100 1850 100 100
w 100 1650 25 50
w 100 1450 25 50
w 125 1350 100 600
w 0 1000 725 250
w 325 1250 100 350
# 2nd level
w 400 1250 325 300
b 435 1560 p 1 1560 1675
w 475 1550 50 50
b 535 1600 p 1 1560 1675
w 575 1550 50 50
b 635 1640 p 1 1560 1675
w 675 1550 50 50
w 325 1700 400 150
w 725 1750 25 100
w 750 1800 25 50
# lots of mb on ground
mb 400 1910 p 0 325 500
mb 550 1910 p 0 425 600
mb 700 1910 p 0 525 700
# climb up to 2nd level from ground
w 825 1900 50 50
w 925 1800 25 50
w 950 1750 25 100
w 975 1700 300 150
b 1000 1650 p 0 1000 1300
b 1300 1625 p 0 1000 1300
w 800 1650 100 25
mb 800 1600 p 0 785 885
w 1275 1725 25 100
w 1300 1750 25 50
w 1300 1925 175 25
w 1325 1900 150 25
w 1350 1875 125 25
w 1375 1850 100 25
a 1200 1850 p 0 950 1250
# right side of vertical path
w 975 1000 525 600
w 1475 1600 25 350
# vertical path
w 725 1550 50 25
w 925 1550 50 25
w 800 1450 100 25
a 850 1370 p 0 790 890
w 725 1350 50 25
w 925 1350 50 25
w 800 1250 100 25
b 750 1200 p 0 750 925
w 725 1150 50 25
w 925 1150 50 25
b 925 1100 p 0 750 925
w 800 1050 100 25
# goal
g 812 600
w 725 700 250 75
w 725 500 25 200
w 750 200 25 500
w 925 300 50 400
w 925 250 175 50
# left
w 25 850 50 100
w 110 925 75 25
b 90 960 f 1
w 160 950 25 50
w 220 925 75 25
b 200 960 f 1
w 270 950 25 50
w 330 925 75 25
b 310 960 f 1
w 380 950 25 50
w 440 925 75 25
b 420 960 f 1
w 490 950 25 50
w 550 925 100 25
b 530 960 f 1
w 600 950 50 50
w 650 950 25 50
w 675 975 25 25
# ground above the bees
w 100 750 500 25
w 25 575 75 25
w 125 625 475 25
w 650 725 75 50
w 675 700 50 25
w 700 675 25 25
w 700 550 25 25
w 675 525 50 25
# stairs
w 150 500 575 25
w 25 475 25 25
w 175 475 575 25
w 25 450 50 25
w 200 450 550 25
w 25 425 75 25
w 225 425 525 25
w 25 400 100 25
w 250 400 500 25
w 25 375 125 25
w 275 375 475 25
w 25 350 100 25
w 250 350 500 25
w 25 325 75 25
w 225 325 525 25
w 25 300 50 25
w 200 300 550 25
w 25 275 25 25
w 175 275 575 25
w 25 250 50 25
w 200 250 550 25
w 25 225 75 25
w 225 225 525 25
w 25 200 100 25
w 250 200 500 25
w 25 175 125 25
w 275 175 500 25
w 25 150 150 25
w 25 125 175 25
w 25 100 200 25
w 25 75 225 25
w 25 50 250 25
w 25 25 275 25
w 25 0 1475 25
# mb at top
mb 300 140 p 0 300 700
mb 400 140 p 0 300 700
mb 500 140 p 0 300 700
mb 600 140 p 0 300 700
mb 700 140 p 0 300 700
# right
w 1475 25 25 975
w 1350 900 50 25
w 1250 850 50 25
w 1100 800 50 25
w 1050 700 25 25
w 1100 600 25 25
w 1000 600 25 25
w 1050 500 25 25
w 1000 400 25 25
w 1175 525 25 25
w 1225 450 25 25
w 1350 725 25 25
w 1450 675 25 25
w 1400 575 25 25
w 1450 475 25 25
w 1400 375 25 25
w 1450 275 25 25
w 1325 275 25 25
w 1200 275 25 25
# bees
b 1325 100 p 1 100 210
b 1295 115 p 1 100 210
b 1265 130 p 1 100 210
b 1235 145 p 1 100 210
b 1205 160 p 1 100 210
b 1175 175 p 1 100 210
b 1145 190 p 1 100 210
b 1115 205 p 1 100 210